Latitud: 37.25157313140872
Longitud: -121.94667417922749
